Resize Kernel: Bicubic b 0.33 c 0.33
Native resolution(s) (best guess): 983p
Please check the graph manually for more accurate results

Raw data:
Resolution	 | Relative Error	 | Relative difference from last
 360		 | 0.0005332902		 | 0.00
 361		 | 0.0006630123		 | 0.80
 362		 | 0.0006832142		 | 0.97
 363		 | 0.0006517707		 | 1.05
 364		 | 0.0006579220		 | 0.99
 365		 | 0.0005863284		 | 1.12
 366		 | 0.0006123818		 | 0.96
 367		 | 0.0006084337		 | 1.01
 368		 | 0.0006177484		 | 0.98
 369		 | 0.0005738022		 | 1.08
 370		 | 0.0006035902		 | 0.95
 371		 | 0.0005684871		 | 1.06
 372		 | 0.0005694637		 | 1.00
 373		 | 0.0005704709		 | 1.00
 374		 | 0.0005728245		 | 1.00
 375		 | 0.0005556782		 | 1.03
 376		 | 0.0005562008		 | 1.00
 377		 | 0.0005502221		 | 1.01
 378		 | 0.0005178316		 | 1.06
 379		 | 0.0005243985		 | 0.99
 380		 | 0.0005242343		 | 1.00
 381		 | 0.0005307064		 | 0.99
 382		 | 0.0005254302		 | 1.01
 383		 | 0.0004995815		 | 1.05
 384		 | 0.0004983866		 | 1.00
 385		 | 0.0004911738		 | 1.01
 386		 | 0.0004825104		 | 1.02
 387		 | 0.0004941408		 | 0.98
 388		 | 0.0004819344		 | 1.03
 389		 | 0.0004590942		 | 1.05
 390		 | 0.0004578348		 | 1.00
 391		 | 0.0004699244		 | 0.97
 392		 | 0.0004370326		 | 1.08
 393		 | 0.0004505023		 | 0.97
 394		 | 0.0004257000		 | 1.06
 395		 | 0.0004522960		 | 0.94
 396		 | 0.0004394589		 | 1.03
 397		 | 0.0004158685		 | 1.06
 398		 | 0.0004146757		 | 1.00
 399		 | 0.0004068895		 | 1.02
 400		 | 0.0004049125		 | 1.00
 401		 | 0.0004160873		 | 0.97
 402		 | 0.0004066161		 | 1.02
 403		 | 0.0003872229		 | 1.05
 404		 | 0.0003832947		 | 1.01
 405		 | 0.0003883617		 | 0.99
 406		 | 0.0003771031		 | 1.03
 407		 | 0.0003688572		 | 1.02
 408		 | 0.0003761188		 | 0.98
 409		 | 0.0003752853		 | 1.00
 410		 | 0.0003729650		 | 1.01
 411		 | 0.0003569923		 | 1.04
 412		 | 0.0003465511		 | 1.03
 413		 | 0.0003446747		 | 1.01
 414		 | 0.0003365207		 | 1.02
 415		 | 0.0003336379		 | 1.01
 416		 | 0.0003401235		 | 0.98
 417		 | 0.0003342376		 | 1.02
 418		 | 0.0003254138		 | 1.03
 419		 | 0.0003133904		 | 1.04
 420		 | 0.0003206309		 | 0.98
 421		 | 0.0003150358		 | 1.02
 422		 | 0.0003128171		 | 1.01
 423		 | 0.0003015765		 | 1.04
 424		 | 0.0002984188		 | 1.01
 425		 | 0.0003015077		 | 0.99
 426		 | 0.0003047672		 | 0.99
 427		 | 0.0002951745		 | 1.03
 428		 | 0.0002886790		 | 1.02
 429		 | 0.0002798522		 | 1.03
 430		 | 0.0002828245		 | 0.99
 431		 | 0.0002801247		 | 1.01
 432		 | 0.0002697482		 | 1.04
 433		 | 0.0002695253		 | 1.00
 434		 | 0.0002610457		 | 1.03
 435		 | 0.0002614772		 | 1.00
 436		 | 0.0002595097		 | 1.01
 437		 | 0.0002524148		 | 1.03
 438		 | 0.0002546179		 | 0.99
 439		 | 0.0002508984		 | 1.01
 440		 | 0.0002465875		 | 1.02
 441		 | 0.0002470119		 | 1.00
 442		 | 0.0002403922		 | 1.03
 443		 | 0.0002338295		 | 1.03
 444		 | 0.0002389631		 | 0.98
 445		 | 0.0002200987		 | 1.09
 446		 | 0.0002297640		 | 0.96
 447		 | 0.0002252072		 | 1.02
 448		 | 0.0002258029		 | 1.00
 449		 | 0.0002123555		 | 1.06
 450		 | 0.0002133396		 | 1.00
 451		 | 0.0002145798		 | 0.99
 452		 | 0.0002184617		 | 0.98
 453		 | 0.0002103305		 | 1.04
 454		 | 0.0002024886		 | 1.04
 455		 | 0.0002059541		 | 0.98
 456		 | 0.0001977714		 | 1.04
 457		 | 0.0001964691		 | 1.01
 458		 | 0.0001988182		 | 0.99
 459		 | 0.0001906458		 | 1.04
 460		 | 0.0001907801		 | 1.00
 461		 | 0.0001951553		 | 0.98
 462		 | 0.0001905963		 | 1.02
 463		 | 0.0001867737		 | 1.02
 464		 | 0.0001846646		 | 1.01
 465		 | 0.0001797624		 | 1.03
 466		 | 0.0001818303		 | 0.99
 467		 | 0.0001776111		 | 1.02
 468		 | 0.0001733578		 | 1.02
 469		 | 0.0001650734		 | 1.05
 470		 | 0.0001669155		 | 0.99
 471		 | 0.0001650182		 | 1.01
 472		 | 0.0001653609		 | 1.00
 473		 | 0.0001631968		 | 1.01
 474		 | 0.0001635588		 | 1.00
 475		 | 0.0001625781		 | 1.01
 476		 | 0.0001562817		 | 1.04
 477		 | 0.0001613733		 | 0.97
 478		 | 0.0001537391		 | 1.05
 479		 | 0.0001543218		 | 1.00
 480		 | 0.0001561340		 | 0.99
 481		 | 0.0001488102		 | 1.05
 482		 | 0.0001477274		 | 1.01
 483		 | 0.0001474656		 | 1.00
 484		 | 0.0001461519		 | 1.01
 485		 | 0.0001381001		 | 1.06
 486		 | 0.0001421717		 | 0.97
 487		 | 0.0001417655		 | 1.00
 488		 | 0.0001329046		 | 1.07
 489		 | 0.0001346209		 | 0.99
 490		 | 0.0001383449		 | 0.97
 491		 | 0.0001323416		 | 1.05
 492		 | 0.0001309989		 | 1.01
 493		 | 0.0001273351		 | 1.03
 494		 | 0.0001304185		 | 0.98
 495		 | 0.0001223994		 | 1.07
 496		 | 0.0001255387		 | 0.97
 497		 | 0.0001264656		 | 0.99
 498		 | 0.0001238770		 | 1.02
 499		 | 0.0001230384		 | 1.01
 500		 | 0.0001192810		 | 1.03
 501		 | 0.0001219461		 | 0.98
 502		 | 0.0001190636		 | 1.02
 503		 | 0.0001178181		 | 1.01
 504		 | 0.0001137588		 | 1.04
 505		 | 0.0001165817		 | 0.98
 506		 | 0.0001165368		 | 1.00
 507		 | 0.0001115003		 | 1.05
 508		 | 0.0001111225		 | 1.00
 509		 | 0.0001112696		 | 1.00
 510		 | 0.0001087999		 | 1.02
 511		 | 0.0001063245		 | 1.02
 512		 | 0.0001036324		 | 1.03
 513		 | 0.0001055368		 | 0.98
 514		 | 0.0000992991		 | 1.06
 515		 | 0.0001005651		 | 0.99
 516		 | 0.0001008342		 | 1.00
 517		 | 0.0001037389		 | 0.97
 518		 | 0.0000952539		 | 1.09
 519		 | 0.0001024404		 | 0.93
 520		 | 0.0000986182		 | 1.04
 521		 | 0.0000963324		 | 1.02
 522		 | 0.0000972178		 | 0.99
 523		 | 0.0000949053		 | 1.02
 524		 | 0.0000903235		 | 1.05
 525		 | 0.0000930151		 | 0.97
 526		 | 0.0000943954		 | 0.99
 527		 | 0.0000921357		 | 1.02
 528		 | 0.0000861798		 | 1.07
 529		 | 0.0000905798		 | 0.95
 530		 | 0.0000920733		 | 0.98
 531		 | 0.0000862963		 | 1.07
 532		 | 0.0000843772		 | 1.02
 533		 | 0.0000838566		 | 1.01
 534		 | 0.0000835748		 | 1.00
 535		 | 0.0000836495		 | 1.00
 536		 | 0.0000808802		 | 1.03
 537		 | 0.0000842051		 | 0.96
 538		 | 0.0000806644		 | 1.04
 539		 | 0.0000825911		 | 0.98
 540		 | 0.0000802396		 | 1.03
 541		 | 0.0000804405		 | 1.00
 542		 | 0.0000810565		 | 0.99
 543		 | 0.0000781501		 | 1.04
 544		 | 0.0000766860		 | 1.02
 545		 | 0.0000788240		 | 0.97
 546		 | 0.0000777934		 | 1.01
 547		 | 0.0000737239		 | 1.06
 548		 | 0.0000750407		 | 0.98
 549		 | 0.0000738379		 | 1.02
 550		 | 0.0000725275		 | 1.02
 551		 | 0.0000712920		 | 1.02
 552		 | 0.0000714497		 | 1.00
 553		 | 0.0000685484		 | 1.04
 554		 | 0.0000709834		 | 0.97
 555		 | 0.0000689630		 | 1.03
 556		 | 0.0000706794		 | 0.98
 557		 | 0.0000684636		 | 1.03
 558		 | 0.0000685288		 | 1.00
 559		 | 0.0000679501		 | 1.01
 560		 | 0.0000661935		 | 1.03
 561		 | 0.0000651564		 | 1.02
 562		 | 0.0000664643		 | 0.98
 563		 | 0.0000658843		 | 1.01
 564		 | 0.0000644520		 | 1.02
 565		 | 0.0000667741		 | 0.97
 566		 | 0.0000649777		 | 1.03
 567		 | 0.0000605475		 | 1.07
 568		 | 0.0000629924		 | 0.96
 569		 | 0.0000619696		 | 1.02
 570		 | 0.0000616379		 | 1.01
 571		 | 0.0000612643		 | 1.01
 572		 | 0.0000598005		 | 1.02
 573		 | 0.0000576404		 | 1.04
 574		 | 0.0000569979		 | 1.01
 575		 | 0.0000556446		 | 1.02
 576		 | 0.0000589622		 | 0.94
 577		 | 0.0000580192		 | 1.02
 578		 | 0.0000561500		 | 1.03
 579		 | 0.0000560391		 | 1.00
 580		 | 0.0000540990		 | 1.04
 581		 | 0.0000569960		 | 0.95
 582		 | 0.0000542365		 | 1.05
 583		 | 0.0000538841		 | 1.01
 584		 | 0.0000540833		 | 1.00
 585		 | 0.0000575317		 | 0.94
 586		 | 0.0000520028		 | 1.11
 587		 | 0.0000530260		 | 0.98
 588		 | 0.0000515419		 | 1.03
 589		 | 0.0000507251		 | 1.02
 590		 | 0.0000523253		 | 0.97
 591		 | 0.0000510389		 | 1.03
 592		 | 0.0000507282		 | 1.01
 593		 | 0.0000472686		 | 1.07
 594		 | 0.0000488892		 | 0.97
 595		 | 0.0000495829		 | 0.99
 596		 | 0.0000492253		 | 1.01
 597		 | 0.0000489318		 | 1.01
 598		 | 0.0000488497		 | 1.00
 599		 | 0.0000486796		 | 1.00
 600		 | 0.0000491582		 | 0.99
 601		 | 0.0000481224		 | 1.02
 602		 | 0.0000472214		 | 1.02
 603		 | 0.0000455169		 | 1.04
 604		 | 0.0000461638		 | 0.99
 605		 | 0.0000452998		 | 1.02
 606		 | 0.0000427952		 | 1.06
 607		 | 0.0000457530		 | 0.94
 608		 | 0.0000445837		 | 1.03
 609		 | 0.0000439281		 | 1.01
 610		 | 0.0000445760		 | 0.99
 611		 | 0.0000424964		 | 1.05
 612		 | 0.0000407114		 | 1.04
 613		 | 0.0000430005		 | 0.95
 614		 | 0.0000394906		 | 1.09
 615		 | 0.0000391122		 | 1.01
 616		 | 0.0000429519		 | 0.91
 617		 | 0.0000399882		 | 1.07
 618		 | 0.0000411780		 | 0.97
 619		 | 0.0000380893		 | 1.08
 620		 | 0.0000401340		 | 0.95
 621		 | 0.0000422628		 | 0.95
 622		 | 0.0000393561		 | 1.07
 623		 | 0.0000402219		 | 0.98
 624		 | 0.0000415200		 | 0.97
 625		 | 0.0000378164		 | 1.10
 626		 | 0.0000387053		 | 0.98
 627		 | 0.0000398151		 | 0.97
 628		 | 0.0000370515		 | 1.07
 629		 | 0.0000373681		 | 0.99
 630		 | 0.0000381167		 | 0.98
 631		 | 0.0000365776		 | 1.04
 632		 | 0.0000354269		 | 1.03
 633		 | 0.0000358977		 | 0.99
 634		 | 0.0000351234		 | 1.02
 635		 | 0.0000360191		 | 0.98
 636		 | 0.0000367673		 | 0.98
 637		 | 0.0000339279		 | 1.08
 638		 | 0.0000349801		 | 0.97
 639		 | 0.0000321532		 | 1.09
 640		 | 0.0000346824		 | 0.93
 641		 | 0.0000361679		 | 0.96
 642		 | 0.0000342640		 | 1.06
 643		 | 0.0000350869		 | 0.98
 644		 | 0.0000345323		 | 1.02
 645		 | 0.0000309729		 | 1.11
 646		 | 0.0000332932		 | 0.93
 647		 | 0.0000316260		 | 1.05
 648		 | 0.0000323080		 | 0.98
 649		 | 0.0000328608		 | 0.98
 650		 | 0.0000308413		 | 1.07
 651		 | 0.0000299405		 | 1.03
 652		 | 0.0000311177		 | 0.96
 653		 | 0.0000291983		 | 1.07
 654		 | 0.0000295263		 | 0.99
 655		 | 0.0000305035		 | 0.97
 656		 | 0.0000303561		 | 1.00
 657		 | 0.0000296144		 | 1.03
 658		 | 0.0000270989		 | 1.09
 659		 | 0.0000306477		 | 0.88
 660		 | 0.0000280635		 | 1.09
 661		 | 0.0000293338		 | 0.96
 662		 | 0.0000299208		 | 0.98
 663		 | 0.0000287080		 | 1.04
 664		 | 0.0000284378		 | 1.01
 665		 | 0.0000279643		 | 1.02
 666		 | 0.0000290792		 | 0.96
 667		 | 0.0000265417		 | 1.10
 668		 | 0.0000271589		 | 0.98
 669		 | 0.0000275053		 | 0.99
 670		 | 0.0000250025		 | 1.10
 671		 | 0.0000235341		 | 1.06
 672		 | 0.0000247425		 | 0.95
 673		 | 0.0000265696		 | 0.93
 674		 | 0.0000247847		 | 1.07
 675		 | 0.0000247314		 | 1.00
 676		 | 0.0000243672		 | 1.01
 677		 | 0.0000219638		 | 1.11
 678		 | 0.0000235051		 | 0.93
 679		 | 0.0000226245		 | 1.04
 680		 | 0.0000254692		 | 0.89
 681		 | 0.0000257898		 | 0.99
 682		 | 0.0000247392		 | 1.04
 683		 | 0.0000229915		 | 1.08
 684		 | 0.0000228138		 | 1.01
 685		 | 0.0000217640		 | 1.05
 686		 | 0.0000240812		 | 0.90
 687		 | 0.0000221183		 | 1.09
 688		 | 0.0000255907		 | 0.86
 689		 | 0.0000235528		 | 1.09
 690		 | 0.0000200238		 | 1.18
 691		 | 0.0000182582		 | 1.10
 692		 | 0.0000231146		 | 0.79
 693		 | 0.0000175188		 | 1.32
 694		 | 0.0000237101		 | 0.74
 695		 | 0.0000216229		 | 1.10
 696		 | 0.0000211845		 | 1.02
 697		 | 0.0000198986		 | 1.06
 698		 | 0.0000180161		 | 1.10
 699		 | 0.0000172581		 | 1.04
 700		 | 0.0000214021		 | 0.81
 701		 | 0.0000206941		 | 1.03
 702		 | 0.0000217160		 | 0.95
 703		 | 0.0000177775		 | 1.22
 704		 | 0.0000186548		 | 0.95
 705		 | 0.0000178794		 | 1.04
 706		 | 0.0000189345		 | 0.94
 707		 | 0.0000184777		 | 1.02
 708		 | 0.0000206320		 | 0.90
 709		 | 0.0000214039		 | 0.96
 710		 | 0.0000134351		 | 1.59
 711		 | 0.0000179705		 | 0.75
 712		 | 0.0000153710		 | 1.17
 713		 | 0.0000156113		 | 0.98
 714		 | 0.0000185203		 | 0.84
 715		 | 0.0000191335		 | 0.97
 716		 | 0.0000165391		 | 1.16
 717		 | 0.0000151332		 | 1.09
 718		 | 0.0000116547		 | 1.30
 719		 | 0.0000137878		 | 0.85
 720		 | 0.0000173410		 | 0.80
 721		 | 0.0000133466		 | 1.30
 722		 | 0.0000238475		 | 0.56
 723		 | 0.0000169802		 | 1.40
 724		 | 0.0000188459		 | 0.90
 725		 | 0.0000136500		 | 1.38
 726		 | 0.0000133809		 | 1.02
 727		 | 0.0000159573		 | 0.84
 728		 | 0.0000186731		 | 0.85
 729		 | 0.0000128275		 | 1.46
 730		 | 0.0000183023		 | 0.70
 731		 | 0.0000103786		 | 1.76
 732		 | 0.0000125394		 | 0.83
 733		 | 0.0000130737		 | 0.96
 734		 | 0.0000119357		 | 1.10
 735		 | 0.0000139778		 | 0.85
 736		 | 0.0000151170		 | 0.92
 737		 | 0.0000137374		 | 1.10
 738		 | 0.0000110122		 | 1.25
 739		 | 0.0000125134		 | 0.88
 740		 | 0.0000131760		 | 0.95
 741		 | 0.0000132173		 | 1.00
 742		 | 0.0000150812		 | 0.88
 743		 | 0.0000134070		 | 1.12
 744		 | 0.0000139455		 | 0.96
 745		 | 0.0000114370		 | 1.22
 746		 | 0.0000112741		 | 1.01
 747		 | 0.0000145995		 | 0.77
 748		 | 0.0000119341		 | 1.22
 749		 | 0.0000138947		 | 0.86
 750		 | 0.0000136526		 | 1.02
 751		 | 0.0000128788		 | 1.06
 752		 | 0.0000096280		 | 1.34
 753		 | 0.0000110929		 | 0.87
 754		 | 0.0000095981		 | 1.16
 755		 | 0.0000123531		 | 0.78
 756		 | 0.0000119190		 | 1.04
 757		 | 0.0000104813		 | 1.14
 758		 | 0.0000100090		 | 1.05
 759		 | 0.0000103665		 | 0.97
 760		 | 0.0000092024		 | 1.13
 761		 | 0.0000107618		 | 0.86
 762		 | 0.0000096560		 | 1.11
 763		 | 0.0000117765		 | 0.82
 764		 | 0.0000103417		 | 1.14
 765		 | 0.0000106209		 | 0.97
 766		 | 0.0000098977		 | 1.07
 767		 | 0.0000102347		 | 0.97
 768		 | 0.0000099188		 | 1.03
 769		 | 0.0000107259		 | 0.92
 770		 | 0.0000102334		 | 1.05
 771		 | 0.0000095863		 | 1.07
 772		 | 0.0000092364		 | 1.04
 773		 | 0.0000089628		 | 1.03
 774		 | 0.0000086714		 | 1.03
 775		 | 0.0000088784		 | 0.98
 776		 | 0.0000087809		 | 1.01
 777		 | 0.0000087548		 | 1.00
 778		 | 0.0000086304		 | 1.01
 779		 | 0.0000079293		 | 1.09
 780		 | 0.0000093086		 | 0.85
 781		 | 0.0000083518		 | 1.11
 782		 | 0.0000093156		 | 0.90
 783		 | 0.0000081166		 | 1.15
 784		 | 0.0000086845		 | 0.93
 785		 | 0.0000085217		 | 1.02
 786		 | 0.0000087263		 | 0.98
 787		 | 0.0000086729		 | 1.01
 788		 | 0.0000088857		 | 0.98
 789		 | 0.0000077797		 | 1.14
 790		 | 0.0000079701		 | 0.98
 791		 | 0.0000066958		 | 1.19
 792		 | 0.0000078616		 | 0.85
 793		 | 0.0000072240		 | 1.09
 794		 | 0.0000077413		 | 0.93
 795		 | 0.0000082347		 | 0.94
 796		 | 0.0000076601		 | 1.08
 797		 | 0.0000061410		 | 1.25
 798		 | 0.0000073990		 | 0.83
 799		 | 0.0000063032		 | 1.17
 800		 | 0.0000071137		 | 0.89
 801		 | 0.0000074716		 | 0.95
 802		 | 0.0000067628		 | 1.10
 803		 | 0.0000065313		 | 1.04
 804		 | 0.0000069035		 | 0.95
 805		 | 0.0000059555		 | 1.16
 806		 | 0.0000074511		 | 0.80
 807		 | 0.0000066218		 | 1.13
 808		 | 0.0000074278		 | 0.89
 809		 | 0.0000064756		 | 1.15
 810		 | 0.0000059368		 | 1.09
 811		 | 0.0000053828		 | 1.10
 812		 | 0.0000063579		 | 0.85
 813		 | 0.0000047950		 | 1.33
 814		 | 0.0000060505		 | 0.79
 815		 | 0.0000059495		 | 1.02
 816		 | 0.0000057414		 | 1.04
 817		 | 0.0000046466		 | 1.24
 818		 | 0.0000057651		 | 0.81
 819		 | 0.0000045504		 | 1.27
 820		 | 0.0000057709		 | 0.79
 821		 | 0.0000057428		 | 1.00
 822		 | 0.0000053837		 | 1.07
 823		 | 0.0000054393		 | 0.99
 824		 | 0.0000048156		 | 1.13
 825		 | 0.0000049132		 | 0.98
 826		 | 0.0000061125		 | 0.80
 827		 | 0.0000054435		 | 1.12
 828		 | 0.0000056611		 | 0.96
 829		 | 0.0000056677		 | 1.00
 830		 | 0.0000043508		 | 1.30
 831		 | 0.0000049171		 | 0.88
 832		 | 0.0000046222		 | 1.06
 833		 | 0.0000042126		 | 1.10
 834		 | 0.0000050213		 | 0.84
 835		 | 0.0000041702		 | 1.20
 836		 | 0.0000039806		 | 1.05
 837		 | 0.0000042984		 | 0.93
 838		 | 0.0000041953		 | 1.02
 839		 | 0.0000041442		 | 1.01
 840		 | 0.0000050316		 | 0.82
 841		 | 0.0000039995		 | 1.26
 842		 | 0.0000043243		 | 0.92
 843		 | 0.0000043926		 | 0.98
 844		 | 0.0000039853		 | 1.10
 845		 | 0.0000042526		 | 0.94
 846		 | 0.0000044869		 | 0.95
 847		 | 0.0000046936		 | 0.96
 848		 | 0.0000036859		 | 1.27
 849		 | 0.0000036578		 | 1.01
 850		 | 0.0000039842		 | 0.92
 851		 | 0.0000036262		 | 1.10
 852		 | 0.0000037154		 | 0.98
 853		 | 0.0000035101		 | 1.06
 854		 | 0.0000038641		 | 0.91
 855		 | 0.0000030873		 | 1.25
 856		 | 0.0000030003		 | 1.03
 857		 | 0.0000035108		 | 0.85
 858		 | 0.0000029290		 | 1.20
 859		 | 0.0000031890		 | 0.92
 860		 | 0.0000033278		 | 0.96
 861		 | 0.0000029474		 | 1.13
 862		 | 0.0000029099		 | 1.01
 863		 | 0.0000027902		 | 1.04
 864		 | 0.0000029023		 | 0.96
 865		 | 0.0000032454		 | 0.89
 866		 | 0.0000034041		 | 0.95
 867		 | 0.0000036823		 | 0.92
 868		 | 0.0000038311		 | 0.96
 869		 | 0.0000031667		 | 1.21
 870		 | 0.0000028281		 | 1.12
 871		 | 0.0000029023		 | 0.97
 872		 | 0.0000023409		 | 1.24
 873		 | 0.0000027852		 | 0.84
 874		 | 0.0000025485		 | 1.09
 875		 | 0.0000024969		 | 1.02
 876		 | 0.0000027961		 | 0.89
 877		 | 0.0000020619		 | 1.36
 878		 | 0.0000020204		 | 1.02
 879		 | 0.0000021471		 | 0.94
 880		 | 0.0000020770		 | 1.03
 881		 | 0.0000022927		 | 0.91
 882		 | 0.0000025962		 | 0.88
 883		 | 0.0000020180		 | 1.29
 884		 | 0.0000017728		 | 1.14
 885		 | 0.0000019067		 | 0.93
 886		 | 0.0000021347		 | 0.89
 887		 | 0.0000020199		 | 1.06
 888		 | 0.0000024804		 | 0.81
 889		 | 0.0000028649		 | 0.87
 890		 | 0.0000016722		 | 1.71
 891		 | 0.0000016930		 | 0.99
 892		 | 0.0000018434		 | 0.92
 893		 | 0.0000014733		 | 1.25
 894		 | 0.0000013623		 | 1.08
 895		 | 0.0000020960		 | 0.65
 896		 | 0.0000020251		 | 1.04
 897		 | 0.0000016279		 | 1.24
 898		 | 0.0000013470		 | 1.21
 899		 | 0.0000025506		 | 0.53
 900		 | 0.0000010471		 | 2.44
 901		 | 0.0000003700		 | 2.83
 902		 | 0.0000017610		 | 0.21
 903		 | 0.0000017549		 | 1.00
 904		 | 0.0000010471		 | 1.68
 905		 | 0.0000007018		 | 1.49
 906		 | 0.0000017713		 | 0.40
 907		 | 0.0000018264		 | 0.97
 908		 | 0.0000011880		 | 1.54
 909		 | 0.0000018678		 | 0.64
 910		 | 0.0000012987		 | 1.44
 911		 | 0.0000007932		 | 1.64
 912		 | 0.0000007611		 | 1.04
 913		 | 0.0000015840		 | 0.48
 914		 | 0.0000014327		 | 1.11
 915		 | 0.0000010986		 | 1.30
 916		 | 0.0000013172		 | 0.83
 917		 | 0.0000013246		 | 0.99
 918		 | 0.0000007537		 | 1.76
 919		 | 0.0000012943		 | 0.58
 920		 | 0.0000009817		 | 1.32
 921		 | 0.0000012375		 | 0.79
 922		 | 0.0000005169		 | 2.39
 923		 | 0.0000010469		 | 0.49
 924		 | 0.0000009174		 | 1.14
 925		 | 0.0000009738		 | 0.94
 926		 | 0.0000009558		 | 1.02
 927		 | 0.0000011673		 | 0.82
 928		 | 0.0000010213		 | 1.14
 929		 | 0.0000008109		 | 1.26
 930		 | 0.0000007694		 | 1.05
 931		 | 0.0000009747		 | 0.79
 932		 | 0.0000008439		 | 1.15
 933		 | 0.0000006433		 | 1.31
 934		 | 0.0000006222		 | 1.03
 935		 | 0.0000005683		 | 1.09
 936		 | 0.0000006387		 | 0.89
 937		 | 0.0000005693		 | 1.12
 938		 | 0.0000009367		 | 0.61
 939		 | 0.0000009220		 | 1.02
 940		 | 0.0000005282		 | 1.75
 941		 | 0.0000005077		 | 1.04
 942		 | 0.0000005359		 | 0.95
 943		 | 0.0000003396		 | 1.58
 944		 | 0.0000004551		 | 0.75
 945		 | 0.0000006698		 | 0.68
 946		 | 0.0000007097		 | 0.94
 947		 | 0.0000005992		 | 1.18
 948		 | 0.0000004812		 | 1.25
 949		 | 0.0000007149		 | 0.67
 950		 | 0.0000004996		 | 1.43
 951		 | 0.0000002521		 | 1.98
 952		 | 0.0000005364		 | 0.47
 953		 | 0.0000002889		 | 1.86
 954		 | 0.0000003572		 | 0.81
 955		 | 0.0000002066		 | 1.73
 956		 | 0.0000005025		 | 0.41
 957		 | 0.0000006276		 | 0.80
 958		 | 0.0000001979		 | 3.17
 959		 | 0.0000004263		 | 0.46
 960		 | 0.0000002062		 | 2.07
 961		 | 0.0000003103		 | 0.66
 962		 | 0.0000001475		 | 2.10
 963		 | 0.0000003425		 | 0.43
 964		 | 0.0000003480		 | 0.98
 965		 | 0.0000002793		 | 1.25
 966		 | 0.0000002564		 | 1.09
 967		 | 0.0000000626		 | 4.09
 968		 | 0.0000004245		 | 0.15
 969		 | 0.0000002524		 | 1.68
 970		 | 0.0000003257		 | 0.77
 971		 | 0.0000000780		 | 4.17
 972		 | 0.0000003750		 | 0.21
 973		 | 0.0000000714		 | 5.25
 974		 | 0.0000001427		 | 0.50
 975		 | 0.0000001262		 | 1.13
 976		 | 0.0000001817		 | 0.69
 977		 | 0.0000000610		 | 2.98
 978		 | 0.0000000725		 | 0.84
 979		 | 0.0000000875		 | 0.83
 980		 | 0.0000001262		 | 0.69
 981		 | 0.0000000929		 | 1.36
 982		 | 0.0000001496		 | 0.62
 983		 | 0.0000000233		 | 6.42
 984		 | 0.0000000792		 | 0.29
 985		 | 0.0000000931		 | 0.85
 986		 | 0.0000000155		 | 6.00
 987		 | 0.0000000732		 | 0.21
 988		 | 0.0000001150		 | 0.64
 989		 | 0.0000000900		 | 1.28
 990		 | 0.0000000229		 | 3.93
 991		 | 0.0000000620		 | 0.37
 992		 | 0.0000000472		 | 1.31
 993		 | 0.0000000000		 | 0.00
 994		 | 0.0000000228		 | 0.00
 995		 | 0.0000000238		 | 0.96
 996		 | 0.0000000306		 | 0.78
 997		 | 0.0000000378		 | 0.81
 998		 | 0.0000000000		 | 0.00
 999		 | 0.0000000000		 | 0.00
1000		 | 0.0000000237		 | 0.00