Resize Kernel: Bicubic b 0.33 c 0.33
Native resolution(s) (best guess): 1079p
Please check the graph manually for more accurate results

Raw data:
Resolution	 | Relative Error	 | Relative difference from last
 500		 | 0.0039451319		 | 0.00
 501		 | 0.0039372213		 | 1.00
 502		 | 0.0039322681		 | 1.00
 503		 | 0.0039019021		 | 1.01
 504		 | 0.0038877010		 | 1.00
 505		 | 0.0038740804		 | 1.00
 506		 | 0.0038570736		 | 1.00
 507		 | 0.0038552167		 | 1.00
 508		 | 0.0038323328		 | 1.01
 509		 | 0.0038338872		 | 1.00
 510		 | 0.0037983268		 | 1.01
 511		 | 0.0037742949		 | 1.01
 512		 | 0.0037674939		 | 1.00
 513		 | 0.0037816941		 | 1.00
 514		 | 0.0037440827		 | 1.01
 515		 | 0.0037282201		 | 1.00
 516		 | 0.0037352010		 | 1.00
 517		 | 0.0037028529		 | 1.01
 518		 | 0.0036860739		 | 1.00
 519		 | 0.0036766145		 | 1.00
 520		 | 0.0036555457		 | 1.01
 521		 | 0.0036321776		 | 1.01
 522		 | 0.0036201959		 | 1.00
 523		 | 0.0036093369		 | 1.00
 524		 | 0.0036105830		 | 1.00
 525		 | 0.0035845316		 | 1.01
 526		 | 0.0035751317		 | 1.00
 527		 | 0.0035644109		 | 1.00
 528		 | 0.0035517130		 | 1.00
 529		 | 0.0035255444		 | 1.01
 530		 | 0.0034997329		 | 1.01
 531		 | 0.0034872620		 | 1.00
 532		 | 0.0034669286		 | 1.01
 533		 | 0.0034882714		 | 0.99
 534		 | 0.0034795871		 | 1.00
 535		 | 0.0034417626		 | 1.01
 536		 | 0.0034466995		 | 1.00
 537		 | 0.0034319207		 | 1.00
 538		 | 0.0034103159		 | 1.01
 539		 | 0.0033951623		 | 1.00
 540		 | 0.0032851998		 | 1.03
 541		 | 0.0033682143		 | 0.98
 542		 | 0.0033465323		 | 1.01
 543		 | 0.0033458014		 | 1.00
 544		 | 0.0033350554		 | 1.00
 545		 | 0.0033092047		 | 1.01
 546		 | 0.0032982152		 | 1.00
 547		 | 0.0032591788		 | 1.01
 548		 | 0.0032781901		 | 0.99
 549		 | 0.0032577922		 | 1.01
 550		 | 0.0032276076		 | 1.01
 551		 | 0.0032251634		 | 1.00
 552		 | 0.0032156367		 | 1.00
 553		 | 0.0032292880		 | 1.00
 554		 | 0.0031900841		 | 1.01
 555		 | 0.0031803422		 | 1.00
 556		 | 0.0031634306		 | 1.01
 557		 | 0.0031600942		 | 1.00
 558		 | 0.0031640735		 | 1.00
 559		 | 0.0031164638		 | 1.02
 560		 | 0.0031178030		 | 1.00
 561		 | 0.0031046619		 | 1.00
 562		 | 0.0030957867		 | 1.00
 563		 | 0.0030995029		 | 1.00
 564		 | 0.0030654667		 | 1.01
 565		 | 0.0030560542		 | 1.00
 566		 | 0.0030367609		 | 1.01
 567		 | 0.0030469975		 | 1.00
 568		 | 0.0030045232		 | 1.01
 569		 | 0.0030167535		 | 1.00
 570		 | 0.0030007738		 | 1.01
 571		 | 0.0029775163		 | 1.01
 572		 | 0.0029627768		 | 1.00
 573		 | 0.0029657556		 | 1.00
 574		 | 0.0029591455		 | 1.00
 575		 | 0.0029278569		 | 1.01
 576		 | 0.0029173977		 | 1.00
 577		 | 0.0029201864		 | 1.00
 578		 | 0.0029037409		 | 1.01
 579		 | 0.0028860909		 | 1.01
 580		 | 0.0028768198		 | 1.00
 581		 | 0.0028573357		 | 1.01
 582		 | 0.0028549401		 | 1.00
 583		 | 0.0028389762		 | 1.01
 584		 | 0.0028378700		 | 1.00
 585		 | 0.0028191822		 | 1.01
 586		 | 0.0028034130		 | 1.01
 587		 | 0.0027814682		 | 1.01
 588		 | 0.0027976753		 | 0.99
 589		 | 0.0027930678		 | 1.00
 590		 | 0.0027737856		 | 1.01
 591		 | 0.0027385423		 | 1.01
 592		 | 0.0027309062		 | 1.00
 593		 | 0.0027304685		 | 1.00
 594		 | 0.0027147505		 | 1.01
 595		 | 0.0027080174		 | 1.00
 596		 | 0.0026864750		 | 1.01
 597		 | 0.0026818423		 | 1.00
 598		 | 0.0026675455		 | 1.01
 599		 | 0.0026808084		 | 1.00
 600		 | 0.0026565727		 | 1.01
 601		 | 0.0026422282		 | 1.01
 602		 | 0.0026384008		 | 1.00
 603		 | 0.0026076079		 | 1.01
 604		 | 0.0025994693		 | 1.00
 605		 | 0.0026113223		 | 1.00
 606		 | 0.0026021008		 | 1.00
 607		 | 0.0025768803		 | 1.01
 608		 | 0.0025857320		 | 1.00
 609		 | 0.0025651340		 | 1.01
 610		 | 0.0025351937		 | 1.01
 611		 | 0.0025321598		 | 1.00
 612		 | 0.0025421175		 | 1.00
 613		 | 0.0025057143		 | 1.01
 614		 | 0.0025115948		 | 1.00
 615		 | 0.0025142163		 | 1.00
 616		 | 0.0024885840		 | 1.01
 617		 | 0.0024649112		 | 1.01
 618		 | 0.0024654454		 | 1.00
 619		 | 0.0024580584		 | 1.00
 620		 | 0.0024366484		 | 1.01
 621		 | 0.0024410442		 | 1.00
 622		 | 0.0024342441		 | 1.00
 623		 | 0.0024240826		 | 1.00
 624		 | 0.0024185525		 | 1.00
 625		 | 0.0023971701		 | 1.01
 626		 | 0.0023922017		 | 1.00
 627		 | 0.0023759106		 | 1.01
 628		 | 0.0023624225		 | 1.01
 629		 | 0.0023687833		 | 1.00
 630		 | 0.0023440707		 | 1.01
 631		 | 0.0023309420		 | 1.01
 632		 | 0.0023205233		 | 1.00
 633		 | 0.0023098347		 | 1.00
 634		 | 0.0023186233		 | 1.00
 635		 | 0.0023080124		 | 1.00
 636		 | 0.0022902171		 | 1.01
 637		 | 0.0022837012		 | 1.00
 638		 | 0.0022664105		 | 1.01
 639		 | 0.0022583361		 | 1.00
 640		 | 0.0022627239		 | 1.00
 641		 | 0.0022378885		 | 1.01
 642		 | 0.0022279384		 | 1.00
 643		 | 0.0022211301		 | 1.00
 644		 | 0.0022211851		 | 1.00
 645		 | 0.0022068961		 | 1.01
 646		 | 0.0022135868		 | 1.00
 647		 | 0.0021794900		 | 1.02
 648		 | 0.0021737665		 | 1.00
 649		 | 0.0021780408		 | 1.00
 650		 | 0.0021552256		 | 1.01
 651		 | 0.0021591207		 | 1.00
 652		 | 0.0021284807		 | 1.01
 653		 | 0.0021392925		 | 0.99
 654		 | 0.0021294535		 | 1.00
 655		 | 0.0021280238		 | 1.00
 656		 | 0.0021052159		 | 1.01
 657		 | 0.0020891350		 | 1.01
 658		 | 0.0020993651		 | 1.00
 659		 | 0.0020845353		 | 1.01
 660		 | 0.0020810351		 | 1.00
 661		 | 0.0020747461		 | 1.00
 662		 | 0.0020565951		 | 1.01
 663		 | 0.0020426724		 | 1.01
 664		 | 0.0020460364		 | 1.00
 665		 | 0.0020408056		 | 1.00
 666		 | 0.0020089888		 | 1.02
 667		 | 0.0020249523		 | 0.99
 668		 | 0.0020056121		 | 1.01
 669		 | 0.0020003449		 | 1.00
 670		 | 0.0019993341		 | 1.00
 671		 | 0.0019791195		 | 1.01
 672		 | 0.0019591593		 | 1.01
 673		 | 0.0019573843		 | 1.00
 674		 | 0.0019577329		 | 1.00
 675		 | 0.0019469790		 | 1.01
 676		 | 0.0019402355		 | 1.00
 677		 | 0.0019238603		 | 1.01
 678		 | 0.0019169938		 | 1.00
 679		 | 0.0019160175		 | 1.00
 680		 | 0.0019170064		 | 1.00
 681		 | 0.0019052236		 | 1.01
 682		 | 0.0018994572		 | 1.00
 683		 | 0.0018773567		 | 1.01
 684		 | 0.0018828357		 | 1.00
 685		 | 0.0018573805		 | 1.01
 686		 | 0.0018561082		 | 1.00
 687		 | 0.0018499990		 | 1.00
 688		 | 0.0018493885		 | 1.00
 689		 | 0.0018348465		 | 1.01
 690		 | 0.0018372129		 | 1.00
 691		 | 0.0018242123		 | 1.01
 692		 | 0.0018002080		 | 1.01
 693		 | 0.0018091686		 | 1.00
 694		 | 0.0018005291		 | 1.00
 695		 | 0.0017800598		 | 1.01
 696		 | 0.0017877091		 | 1.00
 697		 | 0.0017748786		 | 1.01
 698		 | 0.0017583471		 | 1.01
 699		 | 0.0017656271		 | 1.00
 700		 | 0.0017538973		 | 1.01
 701		 | 0.0017456700		 | 1.00
 702		 | 0.0017419471		 | 1.00
 703		 | 0.0017305730		 | 1.01
 704		 | 0.0017212650		 | 1.01
 705		 | 0.0017214230		 | 1.00
 706		 | 0.0017149562		 | 1.00
 707		 | 0.0016997666		 | 1.01
 708		 | 0.0016841222		 | 1.01
 709		 | 0.0016887239		 | 1.00
 710		 | 0.0016816728		 | 1.00
 711		 | 0.0016709638		 | 1.01
 712		 | 0.0016663291		 | 1.00
 713		 | 0.0016476483		 | 1.01
 714		 | 0.0016446902		 | 1.00
 715		 | 0.0016641594		 | 0.99
 716		 | 0.0016365422		 | 1.02
 717		 | 0.0016331737		 | 1.00
 718		 | 0.0016158295		 | 1.01
 719		 | 0.0016175872		 | 1.00
 720		 | 0.0016031796		 | 1.01
 721		 | 0.0016131444		 | 0.99
 722		 | 0.0015837295		 | 1.02
 723		 | 0.0015824262		 | 1.00
 724		 | 0.0015837301		 | 1.00
 725		 | 0.0015719471		 | 1.01
 726		 | 0.0015734101		 | 1.00
 727		 | 0.0015554083		 | 1.01
 728		 | 0.0015525307		 | 1.00
 729		 | 0.0015531049		 | 1.00
 730		 | 0.0015458530		 | 1.00
 731		 | 0.0015288123		 | 1.01
 732		 | 0.0015267550		 | 1.00
 733		 | 0.0015223443		 | 1.00
 734		 | 0.0015069465		 | 1.01
 735		 | 0.0015171701		 | 0.99
 736		 | 0.0015049795		 | 1.01
 737		 | 0.0014962219		 | 1.01
 738		 | 0.0014761913		 | 1.01
 739		 | 0.0014874436		 | 0.99
 740		 | 0.0014729580		 | 1.01
 741		 | 0.0014699782		 | 1.00
 742		 | 0.0014686126		 | 1.00
 743		 | 0.0014523035		 | 1.01
 744		 | 0.0014411331		 | 1.01
 745		 | 0.0014305809		 | 1.01
 746		 | 0.0014442115		 | 0.99
 747		 | 0.0014355419		 | 1.01
 748		 | 0.0014113664		 | 1.02
 749		 | 0.0014169939		 | 1.00
 750		 | 0.0014187725		 | 1.00
 751		 | 0.0014093514		 | 1.01
 752		 | 0.0014100191		 | 1.00
 753		 | 0.0013926684		 | 1.01
 754		 | 0.0013816743		 | 1.01
 755		 | 0.0013698664		 | 1.01
 756		 | 0.0013745553		 | 1.00
 757		 | 0.0013666436		 | 1.01
 758		 | 0.0013628481		 | 1.00
 759		 | 0.0013568234		 | 1.00
 760		 | 0.0013467871		 | 1.01
 761		 | 0.0013539701		 | 0.99
 762		 | 0.0013401071		 | 1.01
 763		 | 0.0013328971		 | 1.01
 764		 | 0.0013173148		 | 1.01
 765		 | 0.0013126728		 | 1.00
 766		 | 0.0013110348		 | 1.00
 767		 | 0.0013067572		 | 1.00
 768		 | 0.0013040045		 | 1.00
 769		 | 0.0012937450		 | 1.01
 770		 | 0.0012936955		 | 1.00
 771		 | 0.0012918433		 | 1.00
 772		 | 0.0012762876		 | 1.01
 773		 | 0.0012735949		 | 1.00
 774		 | 0.0012697299		 | 1.00
 775		 | 0.0012679184		 | 1.00
 776		 | 0.0012575467		 | 1.01
 777		 | 0.0012534862		 | 1.00
 778		 | 0.0012548778		 | 1.00
 779		 | 0.0012326540		 | 1.02
 780		 | 0.0012283975		 | 1.00
 781		 | 0.0012460477		 | 0.99
 782		 | 0.0012223258		 | 1.02
 783		 | 0.0012158148		 | 1.01
 784		 | 0.0012076122		 | 1.01
 785		 | 0.0012052546		 | 1.00
 786		 | 0.0011950644		 | 1.01
 787		 | 0.0011959956		 | 1.00
 788		 | 0.0011939167		 | 1.00
 789		 | 0.0011836766		 | 1.01
 790		 | 0.0011685326		 | 1.01
 791		 | 0.0011702915		 | 1.00
 792		 | 0.0011757311		 | 1.00
 793		 | 0.0011585508		 | 1.01
 794		 | 0.0011508398		 | 1.01
 795		 | 0.0011496181		 | 1.00
 796		 | 0.0011547181		 | 1.00
 797		 | 0.0011457697		 | 1.01
 798		 | 0.0011339882		 | 1.01
 799		 | 0.0011259961		 | 1.01
 800		 | 0.0011299985		 | 1.00
 801		 | 0.0011148802		 | 1.01
 802		 | 0.0011143908		 | 1.00
 803		 | 0.0011034090		 | 1.01
 804		 | 0.0011045316		 | 1.00
 805		 | 0.0011077842		 | 1.00
 806		 | 0.0010967019		 | 1.01
 807		 | 0.0010944441		 | 1.00
 808		 | 0.0010785264		 | 1.01
 809		 | 0.0010869045		 | 0.99
 810		 | 0.0010509739		 | 1.03
 811		 | 0.0010627803		 | 0.99
 812		 | 0.0010623285		 | 1.00
 813		 | 0.0010540762		 | 1.01
 814		 | 0.0010501133		 | 1.00
 815		 | 0.0010498459		 | 1.00
 816		 | 0.0010430175		 | 1.01
 817		 | 0.0010271450		 | 1.02
 818		 | 0.0010387956		 | 0.99
 819		 | 0.0010267274		 | 1.01
 820		 | 0.0010190362		 | 1.01
 821		 | 0.0010271178		 | 0.99
 822		 | 0.0010179427		 | 1.01
 823		 | 0.0010049313		 | 1.01
 824		 | 0.0010083835		 | 1.00
 825		 | 0.0009846429		 | 1.02
 826		 | 0.0009916286		 | 0.99
 827		 | 0.0009979384		 | 0.99
 828		 | 0.0009882483		 | 1.01
 829		 | 0.0009815700		 | 1.01
 830		 | 0.0009751379		 | 1.01
 831		 | 0.0009637707		 | 1.01
 832		 | 0.0009579719		 | 1.01
 833		 | 0.0009638998		 | 0.99
 834		 | 0.0009581303		 | 1.01
 835		 | 0.0009392601		 | 1.02
 836		 | 0.0009440210		 | 0.99
 837		 | 0.0009347645		 | 1.01
 838		 | 0.0009302395		 | 1.00
 839		 | 0.0009329240		 | 1.00
 840		 | 0.0009176369		 | 1.02
 841		 | 0.0009219858		 | 1.00
 842		 | 0.0009203546		 | 1.00
 843		 | 0.0009118754		 | 1.01
 844		 | 0.0009095451		 | 1.00
 845		 | 0.0008971274		 | 1.01
 846		 | 0.0008943134		 | 1.00
 847		 | 0.0008897757		 | 1.01
 848		 | 0.0008864871		 | 1.00
 849		 | 0.0008805913		 | 1.01
 850		 | 0.0008903491		 | 0.99
 851		 | 0.0008744423		 | 1.02
 852		 | 0.0008700546		 | 1.01
 853		 | 0.0008606038		 | 1.01
 854		 | 0.0008682137		 | 0.99
 855		 | 0.0008572869		 | 1.01
 856		 | 0.0008491792		 | 1.01
 857		 | 0.0008377571		 | 1.01
 858		 | 0.0008292827		 | 1.01
 859		 | 0.0008489992		 | 0.98
 860		 | 0.0008359904		 | 1.02
 861		 | 0.0008160867		 | 1.02
 862		 | 0.0008285701		 | 0.98
 863		 | 0.0008224360		 | 1.01
 864		 | 0.0008096848		 | 1.02
 865		 | 0.0008074925		 | 1.00
 866		 | 0.0008016108		 | 1.01
 867		 | 0.0007959974		 | 1.01
 868		 | 0.0007959177		 | 1.00
 869		 | 0.0007991010		 | 1.00
 870		 | 0.0007785422		 | 1.03
 871		 | 0.0007900601		 | 0.99
 872		 | 0.0007701970		 | 1.03
 873		 | 0.0007762220		 | 0.99
 874		 | 0.0007675843		 | 1.01
 875		 | 0.0007715053		 | 0.99
 876		 | 0.0007624918		 | 1.01
 877		 | 0.0007572155		 | 1.01
 878		 | 0.0007551180		 | 1.00
 879		 | 0.0007412751		 | 1.02
 880		 | 0.0007430836		 | 1.00
 881		 | 0.0007405793		 | 1.00
 882		 | 0.0007191836		 | 1.03
 883		 | 0.0007284069		 | 0.99
 884		 | 0.0007274281		 | 1.00
 885		 | 0.0007236847		 | 1.01
 886		 | 0.0007162625		 | 1.01
 887		 | 0.0007104006		 | 1.01
 888		 | 0.0006968718		 | 1.02
 889		 | 0.0007129561		 | 0.98
 890		 | 0.0006957879		 | 1.02
 891		 | 0.0006913051		 | 1.01
 892		 | 0.0006973580		 | 0.99
 893		 | 0.0006806473		 | 1.02
 894		 | 0.0006761034		 | 1.01
 895		 | 0.0006730116		 | 1.00
 896		 | 0.0006726085		 | 1.00
 897		 | 0.0006671548		 | 1.01
 898		 | 0.0006736683		 | 0.99
 899		 | 0.0006624052		 | 1.02
 900		 | 0.0006474480		 | 1.02
 901		 | 0.0006601041		 | 0.98
 902		 | 0.0006433567		 | 1.03
 903		 | 0.0006365092		 | 1.01
 904		 | 0.0006373113		 | 1.00
 905		 | 0.0006345413		 | 1.00
 906		 | 0.0006269200		 | 1.01
 907		 | 0.0006205903		 | 1.01
 908		 | 0.0006129994		 | 1.01
 909		 | 0.0006236153		 | 0.98
 910		 | 0.0006148723		 | 1.01
 911		 | 0.0006040542		 | 1.02
 912		 | 0.0006048499		 | 1.00
 913		 | 0.0005950870		 | 1.02
 914		 | 0.0006002889		 | 0.99
 915		 | 0.0005942352		 | 1.01
 916		 | 0.0005852450		 | 1.02
 917		 | 0.0005640270		 | 1.04
 918		 | 0.0005746740		 | 0.98
 919		 | 0.0005767081		 | 1.00
 920		 | 0.0005674913		 | 1.02
 921		 | 0.0005715603		 | 0.99
 922		 | 0.0005687166		 | 1.01
 923		 | 0.0005600190		 | 1.02
 924		 | 0.0005506153		 | 1.02
 925		 | 0.0005486775		 | 1.00
 926		 | 0.0005448634		 | 1.01
 927		 | 0.0005332282		 | 1.02
 928		 | 0.0005346870		 | 1.00
 929		 | 0.0005283690		 | 1.01
 930		 | 0.0005391367		 | 0.98
 931		 | 0.0005153097		 | 1.05
 932		 | 0.0005199557		 | 0.99
 933		 | 0.0005156489		 | 1.01
 934		 | 0.0005190698		 | 0.99
 935		 | 0.0005053763		 | 1.03
 936		 | 0.0004986477		 | 1.01
 937		 | 0.0005098377		 | 0.98
 938		 | 0.0004928300		 | 1.03
 939		 | 0.0004881501		 | 1.01
 940		 | 0.0004793496		 | 1.02
 941		 | 0.0004871770		 | 0.98
 942		 | 0.0004789118		 | 1.02
 943		 | 0.0004798237		 | 1.00
 944		 | 0.0004731777		 | 1.01
 945		 | 0.0004644639		 | 1.02
 946		 | 0.0004656128		 | 1.00
 947		 | 0.0004573594		 | 1.02
 948		 | 0.0004646697		 | 0.98
 949		 | 0.0004515944		 | 1.03
 950		 | 0.0004349227		 | 1.04
 951		 | 0.0004431489		 | 0.98
 952		 | 0.0004356453		 | 1.02
 953		 | 0.0004335230		 | 1.00
 954		 | 0.0004296688		 | 1.01
 955		 | 0.0004293479		 | 1.00
 956		 | 0.0004403347		 | 0.98
 957		 | 0.0004249577		 | 1.04
 958		 | 0.0004155213		 | 1.02
 959		 | 0.0004205767		 | 0.99
 960		 | 0.0004223319		 | 1.00
 961		 | 0.0003974782		 | 1.06
 962		 | 0.0004016566		 | 0.99
 963		 | 0.0004002178		 | 1.00
 964		 | 0.0003901973		 | 1.03
 965		 | 0.0003827147		 | 1.02
 966		 | 0.0003810883		 | 1.00
 967		 | 0.0003875960		 | 0.98
 968		 | 0.0003767036		 | 1.03
 969		 | 0.0003878680		 | 0.97
 970		 | 0.0003562844		 | 1.09
 971		 | 0.0003709840		 | 0.96
 972		 | 0.0003628025		 | 1.02
 973		 | 0.0003566523		 | 1.02
 974		 | 0.0003521052		 | 1.01
 975		 | 0.0003358810		 | 1.05
 976		 | 0.0003550141		 | 0.95
 977		 | 0.0003427748		 | 1.04
 978		 | 0.0003433615		 | 1.00
 979		 | 0.0003323183		 | 1.03
 980		 | 0.0003286243		 | 1.01
 981		 | 0.0003381968		 | 0.97
 982		 | 0.0003250479		 | 1.04
 983		 | 0.0003274733		 | 0.99
 984		 | 0.0003309742		 | 0.99
 985		 | 0.0003019717		 | 1.10
 986		 | 0.0003050749		 | 0.99
 987		 | 0.0003121470		 | 0.98
 988		 | 0.0002914870		 | 1.07
 989		 | 0.0002920993		 | 1.00
 990		 | 0.0003045777		 | 0.96
 991		 | 0.0002984580		 | 1.02
 992		 | 0.0002806216		 | 1.06
 993		 | 0.0002844354		 | 0.99
 994		 | 0.0002891460		 | 0.98
 995		 | 0.0002707145		 | 1.07
 996		 | 0.0002823022		 | 0.96
 997		 | 0.0002649178		 | 1.07
 998		 | 0.0002715542		 | 0.98
 999		 | 0.0002491765		 | 1.09
1000		 | 0.0002522331		 | 0.99
1001		 | 0.0002551758		 | 0.99
1002		 | 0.0002522279		 | 1.01
1003		 | 0.0002507264		 | 1.01
1004		 | 0.0002503355		 | 1.00
1005		 | 0.0002303213		 | 1.09
1006		 | 0.0002378951		 | 0.97
1007		 | 0.0002303794		 | 1.03
1008		 | 0.0002218224		 | 1.04
1009		 | 0.0002330379		 | 0.95
1010		 | 0.0002130392		 | 1.09
1011		 | 0.0002208218		 | 0.96
1012		 | 0.0002089438		 | 1.06
1013		 | 0.0002203526		 | 0.95
1014		 | 0.0001987652		 | 1.11
1015		 | 0.0002111460		 | 0.94
1016		 | 0.0002085257		 | 1.01
1017		 | 0.0001932711		 | 1.08
1018		 | 0.0001906419		 | 1.01
1019		 | 0.0001861525		 | 1.02
1020		 | 0.0001811960		 | 1.03
1021		 | 0.0001863201		 | 0.97
1022		 | 0.0001809148		 | 1.03
1023		 | 0.0001884690		 | 0.96
1024		 | 0.0001705545		 | 1.11
1025		 | 0.0001802480		 | 0.95
1026		 | 0.0001697106		 | 1.06
1027		 | 0.0001658843		 | 1.02
1028		 | 0.0001695309		 | 0.98
1029		 | 0.0001676653		 | 1.01
1030		 | 0.0001471100		 | 1.14
1031		 | 0.0001448024		 | 1.02
1032		 | 0.0001453754		 | 1.00
1033		 | 0.0001353946		 | 1.07
1034		 | 0.0001485642		 | 0.91
1035		 | 0.0001285974		 | 1.16
1036		 | 0.0001457640		 | 0.88
1037		 | 0.0001341894		 | 1.09
1038		 | 0.0001280435		 | 1.05
1039		 | 0.0001207097		 | 1.06
1040		 | 0.0001320092		 | 0.91
1041		 | 0.0001113356		 | 1.19
1042		 | 0.0001085026		 | 1.03
1043		 | 0.0001154307		 | 0.94
1044		 | 0.0001051275		 | 1.10
1045		 | 0.0000913704		 | 1.15
1046		 | 0.0000959820		 | 0.95
1047		 | 0.0001000539		 | 0.96
1048		 | 0.0000885572		 | 1.13
1049		 | 0.0000927270		 | 0.96
1050		 | 0.0000890185		 | 1.04
1051		 | 0.0000795891		 | 1.12
1052		 | 0.0000849790		 | 0.94
1053		 | 0.0000677567		 | 1.25
1054		 | 0.0000673138		 | 1.01
1055		 | 0.0000636560		 | 1.06
1056		 | 0.0000608270		 | 1.05
1057		 | 0.0000697062		 | 0.87
1058		 | 0.0000529090		 | 1.32
1059		 | 0.0000525911		 | 1.01
1060		 | 0.0000415898		 | 1.26
1061		 | 0.0000501337		 | 0.83
1062		 | 0.0000437258		 | 1.15
1063		 | 0.0000515991		 | 0.85
1064		 | 0.0000244007		 | 2.11
1065		 | 0.0000264855		 | 0.92
1066		 | 0.0000304656		 | 0.87
1067		 | 0.0000235240		 | 1.30
1068		 | 0.0000270153		 | 0.87
1069		 | 0.0000233239		 | 1.16
1070		 | 0.0000200549		 | 1.16
1071		 | 0.0000107386		 | 1.87
1072		 | 0.0000198686		 | 0.54
1073		 | 0.0000054075		 | 3.67
1074		 | 0.0000079850		 | 0.68
1075		 | 0.0000039862		 | 2.00
1076		 | 0.0000025463		 | 1.57
1077		 | 0.0000008873		 | 2.87
1078		 | 0.0000018086		 | 0.49
1079		 | 0.0000000446		 | 40.58
1080		 | 0.0005157958		 | 0.00