Resize Kernel: Bicubic b 0.33 c 0.33
Native resolution(s) (best guess): 720p, 985p
Please check the graph manually for more accurate results

Raw data:
Resolution	 | Relative Error	 | Relative difference from last
 360		 | 0.0029989796		 | 0.00
 361		 | 0.0030545582		 | 0.98
 362		 | 0.0029853951		 | 1.02
 363		 | 0.0029854435		 | 1.00
 364		 | 0.0029856941		 | 1.00
 365		 | 0.0029507206		 | 1.01
 366		 | 0.0029266326		 | 1.01
 367		 | 0.0029041932		 | 1.01
 368		 | 0.0028899852		 | 1.00
 369		 | 0.0028615211		 | 1.01
 370		 | 0.0028354346		 | 1.01
 371		 | 0.0028329351		 | 1.00
 372		 | 0.0028151314		 | 1.01
 373		 | 0.0027590803		 | 1.02
 374		 | 0.0027801466		 | 0.99
 375		 | 0.0027386884		 | 1.02
 376		 | 0.0027081329		 | 1.01
 377		 | 0.0027082483		 | 1.00
 378		 | 0.0026666970		 | 1.02
 379		 | 0.0026586111		 | 1.00
 380		 | 0.0026440007		 | 1.01
 381		 | 0.0026125169		 | 1.01
 382		 | 0.0025922399		 | 1.01
 383		 | 0.0025594826		 | 1.01
 384		 | 0.0025586406		 | 1.00
 385		 | 0.0025391262		 | 1.01
 386		 | 0.0025324055		 | 1.00
 387		 | 0.0024877535		 | 1.02
 388		 | 0.0024777074		 | 1.00
 389		 | 0.0024609527		 | 1.01
 390		 | 0.0024519616		 | 1.00
 391		 | 0.0024171578		 | 1.01
 392		 | 0.0024120417		 | 1.00
 393		 | 0.0023995735		 | 1.01
 394		 | 0.0023712876		 | 1.01
 395		 | 0.0023360060		 | 1.02
 396		 | 0.0023337748		 | 1.00
 397		 | 0.0023094700		 | 1.01
 398		 | 0.0023017192		 | 1.00
 399		 | 0.0023019799		 | 1.00
 400		 | 0.0022479104		 | 1.02
 401		 | 0.0022483530		 | 1.00
 402		 | 0.0022194465		 | 1.01
 403		 | 0.0022120023		 | 1.00
 404		 | 0.0022075094		 | 1.00
 405		 | 0.0021637312		 | 1.02
 406		 | 0.0021449901		 | 1.01
 407		 | 0.0021599044		 | 0.99
 408		 | 0.0021409460		 | 1.01
 409		 | 0.0020954888		 | 1.02
 410		 | 0.0021064894		 | 0.99
 411		 | 0.0020964598		 | 1.00
 412		 | 0.0020885618		 | 1.00
 413		 | 0.0020425632		 | 1.02
 414		 | 0.0020152728		 | 1.01
 415		 | 0.0020366608		 | 0.99
 416		 | 0.0019907742		 | 1.02
 417		 | 0.0019801819		 | 1.01
 418		 | 0.0019820160		 | 1.00
 419		 | 0.0019608270		 | 1.01
 420		 | 0.0019376689		 | 1.01
 421		 | 0.0019192820		 | 1.01
 422		 | 0.0019206413		 | 1.00
 423		 | 0.0018951799		 | 1.01
 424		 | 0.0018840427		 | 1.01
 425		 | 0.0018754971		 | 1.00
 426		 | 0.0018671468		 | 1.00
 427		 | 0.0018421393		 | 1.01
 428		 | 0.0018405626		 | 1.00
 429		 | 0.0017977350		 | 1.02
 430		 | 0.0018036673		 | 1.00
 431		 | 0.0017790833		 | 1.01
 432		 | 0.0017832417		 | 1.00
 433		 | 0.0017521133		 | 1.02
 434		 | 0.0017544827		 | 1.00
 435		 | 0.0017480079		 | 1.00
 436		 | 0.0017327053		 | 1.01
 437		 | 0.0017078476		 | 1.01
 438		 | 0.0016894533		 | 1.01
 439		 | 0.0017015157		 | 0.99
 440		 | 0.0016536857		 | 1.03
 441		 | 0.0016548069		 | 1.00
 442		 | 0.0016409767		 | 1.01
 443		 | 0.0016347788		 | 1.00
 444		 | 0.0016257876		 | 1.01
 445		 | 0.0016061391		 | 1.01
 446		 | 0.0015849819		 | 1.01
 447		 | 0.0015784553		 | 1.00
 448		 | 0.0015811082		 | 1.00
 449		 | 0.0015690006		 | 1.01
 450		 | 0.0015448840		 | 1.02
 451		 | 0.0015330611		 | 1.01
 452		 | 0.0015124250		 | 1.01
 453		 | 0.0015165154		 | 1.00
 454		 | 0.0015002135		 | 1.01
 455		 | 0.0014837654		 | 1.01
 456		 | 0.0014757099		 | 1.01
 457		 | 0.0014787373		 | 1.00
 458		 | 0.0014680839		 | 1.01
 459		 | 0.0014480570		 | 1.01
 460		 | 0.0014347453		 | 1.01
 461		 | 0.0014246158		 | 1.01
 462		 | 0.0014193422		 | 1.00
 463		 | 0.0014034708		 | 1.01
 464		 | 0.0013912472		 | 1.01
 465		 | 0.0013855973		 | 1.00
 466		 | 0.0013774994		 | 1.01
 467		 | 0.0013658517		 | 1.01
 468		 | 0.0013561684		 | 1.01
 469		 | 0.0013355160		 | 1.02
 470		 | 0.0013131362		 | 1.02
 471		 | 0.0013211643		 | 0.99
 472		 | 0.0013221807		 | 1.00
 473		 | 0.0013038161		 | 1.01
 474		 | 0.0012850682		 | 1.01
 475		 | 0.0012708228		 | 1.01
 476		 | 0.0012680286		 | 1.00
 477		 | 0.0012660804		 | 1.00
 478		 | 0.0012532895		 | 1.01
 479		 | 0.0012375007		 | 1.01
 480		 | 0.0012434505		 | 1.00
 481		 | 0.0012220745		 | 1.02
 482		 | 0.0012146487		 | 1.01
 483		 | 0.0012093829		 | 1.00
 484		 | 0.0012019045		 | 1.01
 485		 | 0.0011880377		 | 1.01
 486		 | 0.0011847203		 | 1.00
 487		 | 0.0011667549		 | 1.02
 488		 | 0.0011666174		 | 1.00
 489		 | 0.0011522321		 | 1.01
 490		 | 0.0011481800		 | 1.00
 491		 | 0.0011363876		 | 1.01
 492		 | 0.0011341678		 | 1.00
 493		 | 0.0011239541		 | 1.01
 494		 | 0.0011150091		 | 1.01
 495		 | 0.0010951399		 | 1.02
 496		 | 0.0010887645		 | 1.01
 497		 | 0.0010866490		 | 1.00
 498		 | 0.0010775250		 | 1.01
 499		 | 0.0010858209		 | 0.99
 500		 | 0.0010624550		 | 1.02
 501		 | 0.0010540582		 | 1.01
 502		 | 0.0010419865		 | 1.01
 503		 | 0.0010459139		 | 1.00
 504		 | 0.0010310385		 | 1.01
 505		 | 0.0010260401		 | 1.00
 506		 | 0.0010156636		 | 1.01
 507		 | 0.0010135046		 | 1.00
 508		 | 0.0010083151		 | 1.01
 509		 | 0.0010005548		 | 1.01
 510		 | 0.0009862976		 | 1.01
 511		 | 0.0009971318		 | 0.99
 512		 | 0.0009674618		 | 1.03
 513		 | 0.0009765418		 | 0.99
 514		 | 0.0009614239		 | 1.02
 515		 | 0.0009591003		 | 1.00
 516		 | 0.0009556162		 | 1.00
 517		 | 0.0009424178		 | 1.01
 518		 | 0.0009369526		 | 1.01
 519		 | 0.0009254477		 | 1.01
 520		 | 0.0009133276		 | 1.01
 521		 | 0.0009178830		 | 1.00
 522		 | 0.0009083625		 | 1.01
 523		 | 0.0009010228		 | 1.01
 524		 | 0.0008985313		 | 1.00
 525		 | 0.0008976718		 | 1.00
 526		 | 0.0008870890		 | 1.01
 527		 | 0.0008836706		 | 1.00
 528		 | 0.0008762605		 | 1.01
 529		 | 0.0008665267		 | 1.01
 530		 | 0.0008533925		 | 1.02
 531		 | 0.0008543925		 | 1.00
 532		 | 0.0008528385		 | 1.00
 533		 | 0.0008519792		 | 1.00
 534		 | 0.0008394419		 | 1.01
 535		 | 0.0008356108		 | 1.00
 536		 | 0.0008350780		 | 1.00
 537		 | 0.0008224659		 | 1.02
 538		 | 0.0008231328		 | 1.00
 539		 | 0.0008209872		 | 1.00
 540		 | 0.0008030525		 | 1.02
 541		 | 0.0007998852		 | 1.00
 542		 | 0.0007926672		 | 1.01
 543		 | 0.0007888009		 | 1.00
 544		 | 0.0007825981		 | 1.01
 545		 | 0.0007778874		 | 1.01
 546		 | 0.0007725196		 | 1.01
 547		 | 0.0007591617		 | 1.02
 548		 | 0.0007618075		 | 1.00
 549		 | 0.0007575523		 | 1.01
 550		 | 0.0007561829		 | 1.00
 551		 | 0.0007462587		 | 1.01
 552		 | 0.0007416069		 | 1.01
 553		 | 0.0007397771		 | 1.00
 554		 | 0.0007411742		 | 1.00
 555		 | 0.0007292369		 | 1.02
 556		 | 0.0007190359		 | 1.01
 557		 | 0.0007167862		 | 1.00
 558		 | 0.0007200491		 | 1.00
 559		 | 0.0007078191		 | 1.02
 560		 | 0.0007090165		 | 1.00
 561		 | 0.0007091276		 | 1.00
 562		 | 0.0006969246		 | 1.02
 563		 | 0.0006985468		 | 1.00
 564		 | 0.0006887272		 | 1.01
 565		 | 0.0006802632		 | 1.01
 566		 | 0.0006717872		 | 1.01
 567		 | 0.0006891462		 | 0.97
 568		 | 0.0006663446		 | 1.03
 569		 | 0.0006629059		 | 1.01
 570		 | 0.0006615962		 | 1.00
 571		 | 0.0006615259		 | 1.00
 572		 | 0.0006585550		 | 1.00
 573		 | 0.0006511170		 | 1.01
 574		 | 0.0006618372		 | 0.98
 575		 | 0.0006375847		 | 1.04
 576		 | 0.0006363797		 | 1.00
 577		 | 0.0006279349		 | 1.01
 578		 | 0.0006419719		 | 0.98
 579		 | 0.0006283319		 | 1.02
 580		 | 0.0006147044		 | 1.02
 581		 | 0.0006214654		 | 0.99
 582		 | 0.0006145317		 | 1.01
 583		 | 0.0006183328		 | 0.99
 584		 | 0.0006027851		 | 1.03
 585		 | 0.0006009938		 | 1.00
 586		 | 0.0006053688		 | 0.99
 587		 | 0.0005937923		 | 1.02
 588		 | 0.0005980019		 | 0.99
 589		 | 0.0005891613		 | 1.02
 590		 | 0.0005788871		 | 1.02
 591		 | 0.0005841234		 | 0.99
 592		 | 0.0005789591		 | 1.01
 593		 | 0.0005820773		 | 0.99
 594		 | 0.0005748470		 | 1.01
 595		 | 0.0005609577		 | 1.02
 596		 | 0.0005801657		 | 0.97
 597		 | 0.0005675835		 | 1.02
 598		 | 0.0005550826		 | 1.02
 599		 | 0.0005654176		 | 0.98
 600		 | 0.0005520434		 | 1.02
 601		 | 0.0005440533		 | 1.01
 602		 | 0.0005489967		 | 0.99
 603		 | 0.0005499062		 | 1.00
 604		 | 0.0005392929		 | 1.02
 605		 | 0.0005377727		 | 1.00
 606		 | 0.0005371993		 | 1.00
 607		 | 0.0005269834		 | 1.02
 608		 | 0.0005201693		 | 1.01
 609		 | 0.0005368443		 | 0.97
 610		 | 0.0005052950		 | 1.06
 611		 | 0.0005185411		 | 0.97
 612		 | 0.0005086480		 | 1.02
 613		 | 0.0005142966		 | 0.99
 614		 | 0.0005146253		 | 1.00
 615		 | 0.0005077178		 | 1.01
 616		 | 0.0005088158		 | 1.00
 617		 | 0.0005036223		 | 1.01
 618		 | 0.0004935385		 | 1.02
 619		 | 0.0005009504		 | 0.99
 620		 | 0.0004899957		 | 1.02
 621		 | 0.0004877032		 | 1.00
 622		 | 0.0004821190		 | 1.01
 623		 | 0.0004875828		 | 0.99
 624		 | 0.0004772339		 | 1.02
 625		 | 0.0004764820		 | 1.00
 626		 | 0.0004697161		 | 1.01
 627		 | 0.0004737405		 | 0.99
 628		 | 0.0004664555		 | 1.02
 629		 | 0.0004677000		 | 1.00
 630		 | 0.0004662976		 | 1.00
 631		 | 0.0004696462		 | 0.99
 632		 | 0.0004593963		 | 1.02
 633		 | 0.0004565701		 | 1.01
 634		 | 0.0004610485		 | 0.99
 635		 | 0.0004470189		 | 1.03
 636		 | 0.0004502229		 | 0.99
 637		 | 0.0004428980		 | 1.02
 638		 | 0.0004514106		 | 0.98
 639		 | 0.0004460569		 | 1.01
 640		 | 0.0004387899		 | 1.02
 641		 | 0.0004344826		 | 1.01
 642		 | 0.0004374345		 | 0.99
 643		 | 0.0004340865		 | 1.01
 644		 | 0.0004346253		 | 1.00
 645		 | 0.0004183109		 | 1.04
 646		 | 0.0004228364		 | 0.99
 647		 | 0.0004222625		 | 1.00
 648		 | 0.0004172174		 | 1.01
 649		 | 0.0004252957		 | 0.98
 650		 | 0.0004120478		 | 1.03
 651		 | 0.0004116348		 | 1.00
 652		 | 0.0004207511		 | 0.98
 653		 | 0.0004124251		 | 1.02
 654		 | 0.0004031220		 | 1.02
 655		 | 0.0004154941		 | 0.97
 656		 | 0.0004003656		 | 1.04
 657		 | 0.0003959586		 | 1.01
 658		 | 0.0004021071		 | 0.98
 659		 | 0.0003971456		 | 1.01
 660		 | 0.0003919099		 | 1.01
 661		 | 0.0003891295		 | 1.01
 662		 | 0.0003923314		 | 0.99
 663		 | 0.0003962052		 | 0.99
 664		 | 0.0003809310		 | 1.04
 665		 | 0.0003850654		 | 0.99
 666		 | 0.0003781097		 | 1.02
 667		 | 0.0003792716		 | 1.00
 668		 | 0.0003761753		 | 1.01
 669		 | 0.0003745041		 | 1.00
 670		 | 0.0003667571		 | 1.02
 671		 | 0.0003635241		 | 1.01
 672		 | 0.0003671893		 | 0.99
 673		 | 0.0003651546		 | 1.01
 674		 | 0.0003745997		 | 0.97
 675		 | 0.0003630097		 | 1.03
 676		 | 0.0003566354		 | 1.02
 677		 | 0.0003617027		 | 0.99
 678		 | 0.0003603723		 | 1.00
 679		 | 0.0003637865		 | 0.99
 680		 | 0.0003564274		 | 1.02
 681		 | 0.0003498897		 | 1.02
 682		 | 0.0003487737		 | 1.00
 683		 | 0.0003396902		 | 1.03
 684		 | 0.0003548450		 | 0.96
 685		 | 0.0003403807		 | 1.04
 686		 | 0.0003297392		 | 1.03
 687		 | 0.0003432473		 | 0.96
 688		 | 0.0003419388		 | 1.00
 689		 | 0.0003450447		 | 0.99
 690		 | 0.0003266693		 | 1.06
 691		 | 0.0003196215		 | 1.02
 692		 | 0.0003344884		 | 0.96
 693		 | 0.0003199567		 | 1.05
 694		 | 0.0003325262		 | 0.96
 695		 | 0.0003174263		 | 1.05
 696		 | 0.0003139004		 | 1.01
 697		 | 0.0003129709		 | 1.00
 698		 | 0.0003254414		 | 0.96
 699		 | 0.0003081683		 | 1.06
 700		 | 0.0003146574		 | 0.98
 701		 | 0.0003217116		 | 0.98
 702		 | 0.0003119848		 | 1.03
 703		 | 0.0003148210		 | 0.99
 704		 | 0.0003048937		 | 1.03
 705		 | 0.0003174680		 | 0.96
 706		 | 0.0003062463		 | 1.04
 707		 | 0.0003026818		 | 1.01
 708		 | 0.0003117165		 | 0.97
 709		 | 0.0003169501		 | 0.98
 710		 | 0.0002923049		 | 1.08
 711		 | 0.0002924768		 | 1.00
 712		 | 0.0002924021		 | 1.00
 713		 | 0.0002876082		 | 1.02
 714		 | 0.0003051386		 | 0.94
 715		 | 0.0003010060		 | 1.01
 716		 | 0.0002740938		 | 1.10
 717		 | 0.0002824645		 | 0.97
 718		 | 0.0002644132		 | 1.07
 719		 | 0.0003010685		 | 0.88
 720		 | 0.0002411505		 | 1.25
 721		 | 0.0002864593		 | 0.84
 722		 | 0.0002756922		 | 1.04
 723		 | 0.0002818138		 | 0.98
 724		 | 0.0002877688		 | 0.98
 725		 | 0.0002615699		 | 1.10
 726		 | 0.0002617880		 | 1.00
 727		 | 0.0002736030		 | 0.96
 728		 | 0.0002813973		 | 0.97
 729		 | 0.0002632227		 | 1.07
 730		 | 0.0002723935		 | 0.97
 731		 | 0.0002599180		 | 1.05
 732		 | 0.0002695038		 | 0.96
 733		 | 0.0002678313		 | 1.01
 734		 | 0.0002679164		 | 1.00
 735		 | 0.0002615077		 | 1.02
 736		 | 0.0002551277		 | 1.03
 737		 | 0.0002716145		 | 0.94
 738		 | 0.0002452380		 | 1.11
 739		 | 0.0002556770		 | 0.96
 740		 | 0.0002455928		 | 1.04
 741		 | 0.0002484344		 | 0.99
 742		 | 0.0002535223		 | 0.98
 743		 | 0.0002499620		 | 1.01
 744		 | 0.0002517585		 | 0.99
 745		 | 0.0002375656		 | 1.06
 746		 | 0.0002416090		 | 0.98
 747		 | 0.0002468783		 | 0.98
 748		 | 0.0002467502		 | 1.00
 749		 | 0.0002383431		 | 1.04
 750		 | 0.0002397390		 | 0.99
 751		 | 0.0002409435		 | 1.00
 752		 | 0.0002206876		 | 1.09
 753		 | 0.0002406981		 | 0.92
 754		 | 0.0002236082		 | 1.08
 755		 | 0.0002362876		 | 0.95
 756		 | 0.0002343771		 | 1.01
 757		 | 0.0002247338		 | 1.04
 758		 | 0.0002330431		 | 0.96
 759		 | 0.0002271979		 | 1.03
 760		 | 0.0002200092		 | 1.03
 761		 | 0.0002249775		 | 0.98
 762		 | 0.0002231366		 | 1.01
 763		 | 0.0002185600		 | 1.02
 764		 | 0.0002211532		 | 0.99
 765		 | 0.0002193046		 | 1.01
 766		 | 0.0002175667		 | 1.01
 767		 | 0.0002160177		 | 1.01
 768		 | 0.0002133376		 | 1.01
 769		 | 0.0002203356		 | 0.97
 770		 | 0.0002150465		 | 1.02
 771		 | 0.0002097240		 | 1.03
 772		 | 0.0002067408		 | 1.01
 773		 | 0.0002071489		 | 1.00
 774		 | 0.0001988455		 | 1.04
 775		 | 0.0002025233		 | 0.98
 776		 | 0.0002074033		 | 0.98
 777		 | 0.0002067049		 | 1.00
 778		 | 0.0001984867		 | 1.04
 779		 | 0.0001936803		 | 1.02
 780		 | 0.0001984348		 | 0.98
 781		 | 0.0001933258		 | 1.03
 782		 | 0.0002004201		 | 0.96
 783		 | 0.0001939146		 | 1.03
 784		 | 0.0001902053		 | 1.02
 785		 | 0.0001909928		 | 1.00
 786		 | 0.0001933052		 | 0.99
 787		 | 0.0001929399		 | 1.00
 788		 | 0.0001865284		 | 1.03
 789		 | 0.0001931724		 | 0.97
 790		 | 0.0001887473		 | 1.02
 791		 | 0.0001875403		 | 1.01
 792		 | 0.0001825678		 | 1.03
 793		 | 0.0001815786		 | 1.01
 794		 | 0.0001801737		 | 1.01
 795		 | 0.0001829039		 | 0.99
 796		 | 0.0001800423		 | 1.02
 797		 | 0.0001768456		 | 1.02
 798		 | 0.0001758519		 | 1.01
 799		 | 0.0001758228		 | 1.00
 800		 | 0.0001759739		 | 1.00
 801		 | 0.0001774759		 | 0.99
 802		 | 0.0001709515		 | 1.04
 803		 | 0.0001763058		 | 0.97
 804		 | 0.0001702921		 | 1.04
 805		 | 0.0001655815		 | 1.03
 806		 | 0.0001685029		 | 0.98
 807		 | 0.0001681905		 | 1.00
 808		 | 0.0001708274		 | 0.98
 809		 | 0.0001641645		 | 1.04
 810		 | 0.0001640186		 | 1.00
 811		 | 0.0001657206		 | 0.99
 812		 | 0.0001642870		 | 1.01
 813		 | 0.0001564791		 | 1.05
 814		 | 0.0001610207		 | 0.97
 815		 | 0.0001599971		 | 1.01
 816		 | 0.0001586952		 | 1.01
 817		 | 0.0001583028		 | 1.00
 818		 | 0.0001541606		 | 1.03
 819		 | 0.0001525609		 | 1.01
 820		 | 0.0001506810		 | 1.01
 821		 | 0.0001558328		 | 0.97
 822		 | 0.0001548846		 | 1.01
 823		 | 0.0001518614		 | 1.02
 824		 | 0.0001482463		 | 1.02
 825		 | 0.0001491077		 | 0.99
 826		 | 0.0001494065		 | 1.00
 827		 | 0.0001437761		 | 1.04
 828		 | 0.0001485521		 | 0.97
 829		 | 0.0001426911		 | 1.04
 830		 | 0.0001396737		 | 1.02
 831		 | 0.0001379927		 | 1.01
 832		 | 0.0001385540		 | 1.00
 833		 | 0.0001427788		 | 0.97
 834		 | 0.0001435821		 | 0.99
 835		 | 0.0001344705		 | 1.07
 836		 | 0.0001378504		 | 0.98
 837		 | 0.0001365556		 | 1.01
 838		 | 0.0001327847		 | 1.03
 839		 | 0.0001339818		 | 0.99
 840		 | 0.0001307169		 | 1.02
 841		 | 0.0001300077		 | 1.01
 842		 | 0.0001322842		 | 0.98
 843		 | 0.0001292698		 | 1.02
 844		 | 0.0001279845		 | 1.01
 845		 | 0.0001292709		 | 0.99
 846		 | 0.0001275797		 | 1.01
 847		 | 0.0001273193		 | 1.00
 848		 | 0.0001248480		 | 1.02
 849		 | 0.0001256591		 | 0.99
 850		 | 0.0001259849		 | 1.00
 851		 | 0.0001184350		 | 1.06
 852		 | 0.0001200981		 | 0.99
 853		 | 0.0001204584		 | 1.00
 854		 | 0.0001199635		 | 1.00
 855		 | 0.0001143242		 | 1.05
 856		 | 0.0001204142		 | 0.95
 857		 | 0.0001159163		 | 1.04
 858		 | 0.0001169841		 | 0.99
 859		 | 0.0001161031		 | 1.01
 860		 | 0.0001124549		 | 1.03
 861		 | 0.0001149981		 | 0.98
 862		 | 0.0001121101		 | 1.03
 863		 | 0.0001126681		 | 1.00
 864		 | 0.0001096879		 | 1.03
 865		 | 0.0001076872		 | 1.02
 866		 | 0.0001049553		 | 1.03
 867		 | 0.0001067436		 | 0.98
 868		 | 0.0001062523		 | 1.00
 869		 | 0.0001107197		 | 0.96
 870		 | 0.0001051237		 | 1.05
 871		 | 0.0000995721		 | 1.06
 872		 | 0.0001059774		 | 0.94
 873		 | 0.0001066761		 | 0.99
 874		 | 0.0001003304		 | 1.06
 875		 | 0.0001005246		 | 1.00
 876		 | 0.0001009751		 | 1.00
 877		 | 0.0001016575		 | 0.99
 878		 | 0.0000985328		 | 1.03
 879		 | 0.0000954052		 | 1.03
 880		 | 0.0000979454		 | 0.97
 881		 | 0.0000936805		 | 1.05
 882		 | 0.0000922239		 | 1.02
 883		 | 0.0000983900		 | 0.94
 884		 | 0.0000936210		 | 1.05
 885		 | 0.0000923932		 | 1.01
 886		 | 0.0000877795		 | 1.05
 887		 | 0.0000903352		 | 0.97
 888		 | 0.0000909989		 | 0.99
 889		 | 0.0000916293		 | 0.99
 890		 | 0.0000894037		 | 1.02
 891		 | 0.0000865656		 | 1.03
 892		 | 0.0000876745		 | 0.99
 893		 | 0.0000866808		 | 1.01
 894		 | 0.0000864388		 | 1.00
 895		 | 0.0000818480		 | 1.06
 896		 | 0.0000817003		 | 1.00
 897		 | 0.0000810976		 | 1.01
 898		 | 0.0000859327		 | 0.94
 899		 | 0.0000860697		 | 1.00
 900		 | 0.0000795624		 | 1.08
 901		 | 0.0000856423		 | 0.93
 902		 | 0.0000798935		 | 1.07
 903		 | 0.0000815700		 | 0.98
 904		 | 0.0000796446		 | 1.02
 905		 | 0.0000759031		 | 1.05
 906		 | 0.0000737020		 | 1.03
 907		 | 0.0000733013		 | 1.01
 908		 | 0.0000786445		 | 0.93
 909		 | 0.0000785382		 | 1.00
 910		 | 0.0000720783		 | 1.09
 911		 | 0.0000702727		 | 1.03
 912		 | 0.0000738441		 | 0.95
 913		 | 0.0000698359		 | 1.06
 914		 | 0.0000734936		 | 0.95
 915		 | 0.0000699899		 | 1.05
 916		 | 0.0000714141		 | 0.98
 917		 | 0.0000705729		 | 1.01
 918		 | 0.0000669072		 | 1.05
 919		 | 0.0000661169		 | 1.01
 920		 | 0.0000626401		 | 1.06
 921		 | 0.0000629947		 | 0.99
 922		 | 0.0000670396		 | 0.94
 923		 | 0.0000662438		 | 1.01
 924		 | 0.0000633331		 | 1.05
 925		 | 0.0000623679		 | 1.02
 926		 | 0.0000632381		 | 0.99
 927		 | 0.0000583814		 | 1.08
 928		 | 0.0000621304		 | 0.94
 929		 | 0.0000626574		 | 0.99
 930		 | 0.0000620253		 | 1.01
 931		 | 0.0000560933		 | 1.11
 932		 | 0.0000585908		 | 0.96
 933		 | 0.0000570394		 | 1.03
 934		 | 0.0000556584		 | 1.02
 935		 | 0.0000560413		 | 0.99
 936		 | 0.0000575323		 | 0.97
 937		 | 0.0000542499		 | 1.06
 938		 | 0.0000523774		 | 1.04
 939		 | 0.0000523688		 | 1.00
 940		 | 0.0000538568		 | 0.97
 941		 | 0.0000514464		 | 1.05
 942		 | 0.0000533680		 | 0.96
 943		 | 0.0000528004		 | 1.01
 944		 | 0.0000481343		 | 1.10
 945		 | 0.0000517114		 | 0.93
 946		 | 0.0000465496		 | 1.11
 947		 | 0.0000499970		 | 0.93
 948		 | 0.0000505270		 | 0.99
 949		 | 0.0000465164		 | 1.09
 950		 | 0.0000470231		 | 0.99
 951		 | 0.0000451553		 | 1.04
 952		 | 0.0000441759		 | 1.02
 953		 | 0.0000426935		 | 1.03
 954		 | 0.0000425004		 | 1.00
 955		 | 0.0000458570		 | 0.93
 956		 | 0.0000450370		 | 1.02
 957		 | 0.0000421826		 | 1.07
 958		 | 0.0000427794		 | 0.99
 959		 | 0.0000384776		 | 1.11
 960		 | 0.0000429183		 | 0.90
 961		 | 0.0000394811		 | 1.09
 962		 | 0.0000404585		 | 0.98
 963		 | 0.0000372112		 | 1.09
 964		 | 0.0000400568		 | 0.93
 965		 | 0.0000376227		 | 1.06
 966		 | 0.0000332808		 | 1.13
 967		 | 0.0000380515		 | 0.87
 968		 | 0.0000371212		 | 1.03
 969		 | 0.0000355047		 | 1.05
 970		 | 0.0000375752		 | 0.94
 971		 | 0.0000331748		 | 1.13
 972		 | 0.0000342997		 | 0.97
 973		 | 0.0000322899		 | 1.06
 974		 | 0.0000298138		 | 1.08
 975		 | 0.0000291309		 | 1.02
 976		 | 0.0000331452		 | 0.88
 977		 | 0.0000302530		 | 1.10
 978		 | 0.0000300250		 | 1.01
 979		 | 0.0000276498		 | 1.09
 980		 | 0.0000282320		 | 0.98
 981		 | 0.0000308227		 | 0.92
 982		 | 0.0000267399		 | 1.15
 983		 | 0.0000290000		 | 0.92
 984		 | 0.0000294096		 | 0.99
 985		 | 0.0000236002		 | 1.25
 986		 | 0.0000262499		 | 0.90
 987		 | 0.0000242571		 | 1.08
 988		 | 0.0000256985		 | 0.94
 989		 | 0.0000244327		 | 1.05
 990		 | 0.0000239434		 | 1.02
 991		 | 0.0000229270		 | 1.04
 992		 | 0.0000196310		 | 1.17
 993		 | 0.0000216209		 | 0.91
 994		 | 0.0000191103		 | 1.13
 995		 | 0.0000228527		 | 0.84
 996		 | 0.0000206280		 | 1.11
 997		 | 0.0000203267		 | 1.01
 998		 | 0.0000204807		 | 0.99
 999		 | 0.0000164867		 | 1.24
1000		 | 0.0000183835		 | 0.90